Tabulated temporal distribution data for NOAA Atlas 14 Volume 5: Selected Pacific Islands 
This is a comma delimited file containing temporal distribution data for all four quartile cases  and for all cases combined for the 96-hour duration.

First column of each table shows time from 0 to 96 hours in hourly increments
Second column shows cumulative percentages of total precipitation that occurred by given time in 90% of cases etc.

CUMULATIVE PERCENTAGES OF TOTAL PRECIPITATION FOR FIRST-QUARTILE CASES
Time,Percent of occurrence
hours,90%,80%,70%,60%,50%,40%,30%,20%,10%
0,0,0,0,0,0,0,0,0,0
1.0,-0.00, 0.00, 0.00, 0.57, 0.57, 1.79, 3.13, 4.45, 8.60
2.0, 0.18, 0.37, 0.47, 1.57, 1.76, 3.99, 6.44, 8.99,16.55
3.0, 0.51, 1.06, 1.34, 2.93, 3.46, 6.52, 9.91,13.57,23.90
4.0, 1.01, 2.03, 2.56, 4.60, 5.59, 9.32,13.49,18.16,30.68
5.0, 1.64, 3.22, 4.05, 6.51, 8.06,12.34,17.15,22.71,36.93
6.0, 2.41, 4.61, 5.79, 8.64,10.80,15.52,20.85,27.21,42.69
7.0, 3.29, 6.16, 7.71,10.93,13.74,18.81,24.57,31.62,47.99
8.0, 4.29, 7.84, 9.77,13.35,16.82,22.18,28.28,35.92,52.85
9.0, 5.38, 9.62,11.95,15.86,20.00,25.59,31.95,40.09,57.31
10.0, 6.56,11.47,14.21,18.44,23.23,29.01,35.58,44.12,61.40
11.0, 7.83,13.37,16.52,21.04,26.47,32.41,39.13,47.99,65.14
12.0, 9.16,15.31,18.85,23.66,29.68,35.76,42.60,51.70,68.55
13.0,10.55,17.26,21.18,26.26,32.85,39.04,45.97,55.23,71.67
14.0,12.00,19.22,23.50,28.84,35.94,42.24,49.22,58.58,74.50
15.0,13.48,21.16,25.79,31.36,38.93,45.34,52.36,61.75,77.08
16.0,15.00,23.09,28.03,33.83,41.82,48.32,55.37,64.74,79.42
17.0,16.55,24.98,30.21,36.23,44.57,51.19,58.25,67.54,81.54
18.0,18.12,26.83,32.33,38.55,47.20,53.92,60.99,70.16,83.46
19.0,19.70,28.64,34.37,40.77,49.69,56.52,63.59,72.60,85.20
20.0,21.29,30.39,36.34,42.91,52.03,58.98,66.04,74.86,86.76
21.0,22.87,32.10,38.22,44.95,54.23,61.30,68.36,76.95,88.17
22.0,24.45,33.74,40.01,46.88,56.28,63.48,70.53,78.88,89.43
23.0,26.02,35.33,41.72,48.72,58.18,65.52,72.55,80.66,90.57
24.0,27.57,36.86,43.34,50.45,59.95,67.41,74.44,82.28,91.58
25.0,29.10,38.33,44.88,52.08,61.58,69.18,76.19,83.75,92.49
26.0,30.60,39.74,46.33,53.62,63.08,70.81,77.81,85.09,93.30
27.0,32.08,41.09,47.70,55.05,64.45,72.31,79.29,86.31,94.02
28.0,33.53,42.38,48.99,56.39,65.71,73.70,80.66,87.40,94.66
29.0,34.94,43.62,50.21,57.64,66.86,74.96,81.90,88.39,95.23
30.0,36.31,44.80,51.35,58.80,67.90,76.12,83.03,89.27,95.74
31.0,37.64,45.93,52.43,59.88,68.86,77.17,84.06,90.06,96.18
32.0,38.94,47.01,53.44,60.88,69.72,78.13,84.98,90.76,96.58
33.0,40.19,48.05,54.39,61.81,70.52,79.00,85.81,91.38,96.92
34.0,41.40,49.04,55.30,62.68,71.24,79.79,86.55,91.94,97.23
35.0,42.57,49.99,56.15,63.48,71.90,80.49,87.21,92.43,97.50
36.0,43.69,50.90,56.96,64.23,72.51,81.14,87.79,92.87,97.74
37.0,44.77,51.78,57.73,64.93,73.07,81.71,88.30,93.25,97.95
38.0,45.81,52.63,58.47,65.59,73.60,82.24,88.75,93.60,98.14
39.0,46.80,53.44,59.18,66.20,74.09,82.71,89.15,93.90,98.30
40.0,47.76,54.23,59.86,66.79,74.56,83.14,89.49,94.18,98.45
41.0,48.67,55.00,60.52,67.34,75.01,83.54,89.79,94.43,98.58
42.0,49.55,55.74,61.17,67.88,75.45,83.90,90.06,94.66,98.69
43.0,50.39,56.47,61.80,68.39,75.88,84.24,90.29,94.87,98.80
44.0,51.19,57.18,62.42,68.90,76.30,84.56,90.49,95.06,98.89
45.0,51.97,57.87,63.03,69.39,76.72,84.86,90.68,95.25,98.97
46.0,52.71,58.56,63.64,69.88,77.15,85.15,90.84,95.43,99.05
47.0,53.42,59.23,64.25,70.36,77.58,85.43,90.99,95.61,99.12
48.0,54.11,59.89,64.86,70.85,78.01,85.70,91.14,95.78,99.18
49.0,54.77,60.55,65.47,71.35,78.46,85.98,91.28,95.95,99.25
50.0,55.42,61.20,66.08,71.85,78.91,86.25,91.42,96.12,99.30
51.0,56.04,61.85,66.71,72.36,79.38,86.53,91.56,96.29,99.35
52.0,56.66,62.49,67.34,72.88,79.86,86.81,91.70,96.47,99.40
53.0,57.26,63.14,67.97,73.42,80.35,87.09,91.85,96.64,99.45
54.0,57.85,63.78,68.62,73.97,80.85,87.39,92.01,96.82,99.49
55.0,58.43,64.43,69.28,74.54,81.36,87.69,92.18,97.00,99.54
56.0,59.01,65.08,69.95,75.12,81.88,88.01,92.37,97.18,99.58
57.0,59.59,65.74,70.63,75.72,82.41,88.33,92.56,97.36,99.61
58.0,60.17,66.40,71.32,76.34,82.95,88.66,92.77,97.54,99.65
59.0,60.76,67.06,72.02,76.98,83.49,89.00,93.00,97.72,99.69
60.0,61.35,67.73,72.73,77.63,84.04,89.35,93.23,97.90,99.72
61.0,61.96,68.42,73.45,78.30,84.59,89.71,93.48,98.08,99.75
62.0,62.57,69.11,74.18,78.98,85.14,90.07,93.75,98.25,99.78
63.0,63.20,69.81,74.92,79.68,85.70,90.44,94.02,98.42,99.80
64.0,63.85,70.52,75.67,80.39,86.25,90.82,94.31,98.58,99.83
65.0,64.51,71.24,76.43,81.11,86.80,91.20,94.61,98.74,99.85
66.0,65.20,71.98,77.20,81.85,87.34,91.59,94.91,98.88,99.87
67.0,65.91,72.73,77.97,82.59,87.89,91.98,95.22,99.02,99.89
68.0,66.64,73.49,78.75,83.33,88.42,92.37,95.54,99.15,99.90
69.0,67.40,74.27,79.54,84.08,88.95,92.76,95.86,99.26,99.92
70.0,68.18,75.07,80.33,84.83,89.47,93.15,96.18,99.37,99.93
71.0,68.99,75.89,81.13,85.59,89.98,93.53,96.49,99.47,99.94
72.0,69.83,76.72,81.94,86.34,90.49,93.92,96.81,99.55,99.95
73.0,70.70,77.57,82.75,87.09,90.99,94.30,97.12,99.62,99.96
74.0,71.60,78.45,83.56,87.83,91.48,94.67,97.42,99.68,99.96
75.0,72.53,79.34,84.37,88.56,91.97,95.03,97.70,99.74,99.97
76.0,73.49,80.25,85.19,89.28,92.45,95.39,97.98,99.78,99.97
77.0,74.49,81.19,86.02,90.00,92.92,95.74,98.24,99.81,99.97
78.0,75.51,82.15,86.84,90.70,93.39,96.08,98.49,99.83,99.98
79.0,76.57,83.12,87.67,91.38,93.85,96.42,98.72,99.85,99.98
80.0,77.67,84.12,88.49,92.05,94.32,96.74,98.93,99.86,99.98
81.0,78.79,85.14,89.32,92.70,94.77,97.05,99.12,99.87,99.98
82.0,79.95,86.18,90.14,93.33,95.23,97.35,99.29,99.87,99.98
83.0,81.14,87.23,90.97,93.95,95.68,97.64,99.44,99.87,99.98
84.0,82.37,88.29,91.79,94.54,96.13,97.92,99.56,99.87,99.98
85.0,83.63,89.36,92.60,95.11,96.58,98.19,99.67,99.87,99.98
86.0,84.92,90.44,93.40,95.66,97.02,98.44,99.75,99.87,99.98
87.0,86.25,91.53,94.20,96.19,97.45,98.69,99.82,99.88,99.98
88.0,87.61,92.60,94.98,96.70,97.88,98.91,99.86,99.89,99.98
89.0,89.01,93.67,95.74,97.18,98.28,99.12,99.89,99.90,99.99
90.0,90.45,94.72,96.47,97.64,98.67,99.32,99.91,99.91,99.99
91.0,91.93,95.74,97.18,98.09,99.03,99.49,99.92,99.93,99.99
92.0,93.45,96.72,97.85,98.51,99.35,99.65,99.93,99.95,100.00
93.0,95.01,97.65,98.48,98.91,99.62,99.78,99.93,99.97,100.00
94.0,96.62,98.52,99.05,99.29,99.83,99.89,99.94,99.99,100.00
95.0,98.29,99.31,99.56,99.65,99.96,99.96,99.96,100.00,100.00
96.0,100.00,100.00,100.00,100.00,100.00,100.00,100.00,100.00,100.00


CUMULATIVE PERCENTAGES OF TOTAL PRECIPITATION FOR SECOND-QUARTILE CASES
Time,Percent of occurrence
hours,90%,80%,70%,60%,50%,40%,30%,20%,10%
0,0,0,0,0,0,0,0,0,0
1.0, 0.22, 0.74, 0.86, 1.19, 2.09, 2.73, 3.39, 3.81, 3.81
2.0, 0.43, 1.32, 1.54, 2.16, 3.71, 4.81, 5.88, 6.72, 6.95
3.0, 0.62, 1.76, 2.08, 2.94, 4.92, 6.34, 7.65, 8.90, 9.55
4.0, 0.78, 2.07, 2.49, 3.57, 5.82, 7.43, 8.85,10.50,11.70
5.0, 0.92, 2.29, 2.81, 4.08, 6.45, 8.19, 9.60,11.64,13.51
6.0, 1.02, 2.43, 3.05, 4.49, 6.89, 8.68,10.04,12.44,15.05
7.0, 1.10, 2.52, 3.25, 4.83, 7.19, 8.98,10.26,13.00,16.39
8.0, 1.15, 2.56, 3.42, 5.12, 7.38, 9.17,10.35,13.39,17.59
9.0, 1.17, 2.59, 3.58, 5.39, 7.53, 9.29,10.38,13.71,18.71
10.0, 1.18, 2.61, 3.75, 5.65, 7.66, 9.40,10.42,14.01,19.80
11.0, 1.19, 2.64, 3.95, 5.93, 7.80, 9.53,10.53,14.34,20.88
12.0, 1.19, 2.70, 4.18, 6.24, 7.99, 9.73,10.75,14.74,22.00
13.0, 1.19, 2.80, 4.46, 6.59, 8.24,10.02,11.11,15.27,23.18
14.0, 1.22, 2.95, 4.81, 7.00, 8.58,10.42,11.63,15.93,24.43
15.0, 1.27, 3.17, 5.22, 7.48, 9.03,10.95,12.35,16.75,25.77
16.0, 1.36, 3.45, 5.72, 8.03, 9.59,11.64,13.26,17.75,27.22
17.0, 1.49, 3.82, 6.30, 8.68,10.27,12.47,14.39,18.93,28.78
18.0, 1.67, 4.27, 6.97, 9.41,11.09,13.47,15.72,20.31,30.45
19.0, 1.91, 4.82, 7.74,10.24,12.04,14.63,17.26,21.87,32.24
20.0, 2.22, 5.46, 8.60,11.18,13.13,15.96,19.00,23.61,34.14
21.0, 2.60, 6.21, 9.56,12.22,14.36,17.44,20.93,25.54,36.14
22.0, 3.07, 7.06,10.62,13.37,15.72,19.08,23.04,27.63,38.24
23.0, 3.62, 8.02,11.79,14.62,17.22,20.87,25.32,29.87,40.43
24.0, 4.27, 9.09,13.05,15.97,18.85,22.79,27.74,32.25,42.70
25.0, 5.01,10.26,14.40,17.43,20.59,24.84,30.29,34.76,45.04
26.0, 5.85,11.53,15.85,18.99,22.45,27.01,32.95,37.38,47.44
27.0, 6.79,12.91,17.39,20.65,24.42,29.27,35.71,40.08,49.88
28.0, 7.83,14.38,19.01,22.40,26.48,31.63,38.53,42.86,52.35
29.0, 8.98,15.95,20.72,24.23,28.62,34.06,41.40,45.68,54.84
30.0,10.22,17.61,22.50,26.15,30.85,36.56,44.31,48.55,57.34
31.0,11.57,19.35,24.34,28.14,33.13,39.10,47.22,51.42,59.83
32.0,13.01,21.18,26.25,30.19,35.47,41.67,50.13,54.30,62.30
33.0,14.54,23.07,28.21,32.30,37.86,44.27,53.02,57.16,64.74
34.0,16.16,25.03,30.22,34.47,40.27,46.87,55.86,59.98,67.14
35.0,17.86,27.04,32.28,36.68,42.70,49.46,58.64,62.75,69.49
36.0,19.65,29.10,34.36,38.92,45.15,52.03,61.35,65.46,71.77
37.0,21.50,31.21,36.47,41.19,47.59,54.57,63.98,68.09,73.98
38.0,23.42,33.34,38.60,43.47,50.02,57.06,66.51,70.64,76.12
39.0,25.39,35.50,40.73,45.77,52.42,59.50,68.93,73.08,78.16
40.0,27.42,37.68,42.87,48.06,54.80,61.88,71.23,75.41,80.12
41.0,29.48,39.86,45.01,50.34,57.13,64.19,73.42,77.63,81.97
42.0,31.57,42.04,47.13,52.61,59.42,66.41,75.47,79.73,83.72
43.0,33.69,44.21,49.23,54.85,61.65,68.55,77.39,81.70,85.37
44.0,35.82,46.36,51.30,57.05,63.82,70.60,79.18,83.54,86.91
45.0,37.96,48.49,53.35,59.22,65.91,72.55,80.83,85.24,88.34
46.0,40.09,50.59,55.35,61.33,67.93,74.40,82.35,86.82,89.66
47.0,42.21,52.64,57.31,63.39,69.87,76.15,83.73,88.25,90.88
48.0,44.31,54.65,59.21,65.39,71.73,77.79,84.98,89.56,91.98
49.0,46.38,56.60,61.07,67.32,73.49,79.33,86.10,90.74,92.98
50.0,48.41,58.49,62.86,69.18,75.16,80.75,87.10,91.79,93.88
51.0,50.39,60.32,64.59,70.96,76.75,82.08,87.99,92.72,94.68
52.0,52.33,62.09,66.25,72.66,78.23,83.30,88.76,93.54,95.39
53.0,54.20,63.78,67.85,74.28,79.62,84.42,89.43,94.25,96.01
54.0,56.01,65.39,69.37,75.81,80.92,85.44,90.01,94.85,96.54
55.0,57.75,66.93,70.82,77.25,82.12,86.36,90.50,95.37,96.99
56.0,59.42,68.38,72.20,78.60,83.23,87.19,90.92,95.79,97.38
57.0,61.01,69.76,73.50,79.86,84.25,87.94,91.26,96.14,97.69
58.0,62.52,71.06,74.73,81.02,85.18,88.61,91.56,96.41,97.95
59.0,63.95,72.28,75.89,82.10,86.02,89.21,91.80,96.63,98.15
60.0,65.30,73.42,76.97,83.09,86.79,89.73,92.00,96.79,98.31
61.0,66.57,74.48,77.99,84.00,87.48,90.20,92.18,96.91,98.43
62.0,67.76,75.47,78.94,84.82,88.10,90.61,92.33,96.99,98.51
63.0,68.87,76.39,79.82,85.56,88.66,90.97,92.47,97.04,98.57
64.0,69.91,77.25,80.65,86.23,89.15,91.28,92.61,97.08,98.60
65.0,70.88,78.05,81.43,86.83,89.59,91.57,92.75,97.10,98.62
66.0,71.78,78.79,82.15,87.37,89.98,91.82,92.89,97.12,98.63
67.0,72.63,79.49,82.83,87.85,90.33,92.05,93.05,97.13,98.63
68.0,73.42,80.14,83.46,88.28,90.65,92.26,93.23,97.15,98.63
69.0,74.17,80.76,84.07,88.66,90.93,92.47,93.43,97.18,98.63
70.0,74.88,81.35,84.64,89.00,91.19,92.66,93.65,97.22,98.64
71.0,75.56,81.92,85.20,89.32,91.44,92.86,93.90,97.28,98.65
72.0,76.23,82.48,85.74,89.61,91.68,93.06,94.18,97.35,98.68
73.0,76.88,83.04,86.27,89.89,91.91,93.27,94.49,97.45,98.71
74.0,77.54,83.60,86.79,90.16,92.14,93.49,94.81,97.56,98.75
75.0,78.21,84.18,87.32,90.44,92.38,93.72,95.16,97.69,98.81
76.0,78.90,84.77,87.85,90.72,92.63,93.97,95.54,97.84,98.88
77.0,79.61,85.39,88.40,91.01,92.90,94.24,95.92,98.01,98.95
78.0,80.37,86.04,88.96,91.33,93.18,94.52,96.32,98.19,99.04
79.0,81.18,86.73,89.55,91.67,93.49,94.83,96.72,98.37,99.13
80.0,82.04,87.45,90.16,92.04,93.82,95.15,97.12,98.56,99.23
81.0,82.95,88.22,90.80,92.45,94.18,95.49,97.51,98.75,99.32
82.0,83.94,89.04,91.46,92.90,94.56,95.84,97.88,98.94,99.42
83.0,84.98,89.89,92.15,93.38,94.97,96.21,98.24,99.12,99.51
84.0,86.10,90.79,92.87,93.90,95.40,96.58,98.57,99.28,99.59
85.0,87.28,91.73,93.61,94.46,95.85,96.96,98.86,99.43,99.67
86.0,88.52,92.70,94.36,95.05,96.31,97.34,99.12,99.56,99.73
87.0,89.81,93.68,95.12,95.67,96.79,97.71,99.34,99.66,99.78
88.0,91.13,94.67,95.89,96.31,97.28,98.08,99.52,99.74,99.81
89.0,92.48,95.66,96.64,96.95,97.76,98.43,99.65,99.80,99.84
90.0,93.83,96.61,97.37,97.58,98.22,98.76,99.74,99.83,99.85
91.0,95.15,97.51,98.06,98.19,98.66,99.06,99.80,99.85,99.85
92.0,96.41,98.32,98.68,98.76,99.07,99.34,99.83,99.85,99.85
93.0,97.58,99.02,99.21,99.25,99.42,99.57,99.85,99.85,99.85
94.0,98.60,99.56,99.63,99.64,99.71,99.76,99.86,99.86,99.87
95.0,99.43,99.91,99.91,99.91,99.91,99.91,99.91,99.91,99.91
96.0,100.00,100.00,100.00,100.00,100.00,100.00,100.00,100.00,100.00


CUMULATIVE PERCENTAGES OF TOTAL PRECIPITATION FOR THIRD-QUARTILE CASES
Time,Percent of occurrence
hours,90%,80%,70%,60%,50%,40%,30%,20%,10%
0,0,0,0,0,0,0,0,0,0
1.0, 0.36, 0.36, 0.56, 0.84, 1.21, 1.35, 1.35, 1.80, 2.96
2.0, 0.58, 0.62, 1.03, 1.58, 2.32, 2.66, 2.77, 3.66, 5.78
3.0, 0.70, 0.81, 1.42, 2.23, 3.34, 3.93, 4.23, 5.53, 8.43
4.0, 0.77, 0.94, 1.76, 2.81, 4.28, 5.14, 5.71, 7.39,10.89
5.0, 0.79, 1.05, 2.07, 3.33, 5.16, 6.30, 7.17, 9.19,13.17
6.0, 0.79, 1.13, 2.35, 3.81, 5.97, 7.39, 8.60,10.93,15.24
7.0, 0.79, 1.21, 2.63, 4.26, 6.74, 8.42, 9.99,12.57,17.12
8.0, 0.80, 1.30, 2.90, 4.68, 7.45, 9.39,11.31,14.11,18.80
9.0, 0.84, 1.40, 3.17, 5.08, 8.12,10.28,12.57,15.53,20.29
10.0, 0.89, 1.51, 3.45, 5.46, 8.75,11.11,13.74,16.83,21.60
11.0, 0.98, 1.64, 3.74, 5.84, 9.34,11.87,14.84,18.00,22.73
12.0, 1.10, 1.80, 4.04, 6.21, 9.90,12.57,15.84,19.05,23.70
13.0, 1.25, 1.97, 4.35, 6.57,10.43,13.20,16.76,19.98,24.51
14.0, 1.43, 2.16, 4.67, 6.93,10.93,13.77,17.59,20.79,25.19
15.0, 1.63, 2.38, 5.00, 7.29,11.40,14.28,18.33,21.49,25.74
16.0, 1.86, 2.61, 5.35, 7.65,11.85,14.74,19.00,22.08,26.19
17.0, 2.11, 2.85, 5.69, 8.01,12.28,15.15,19.58,22.58,26.54
18.0, 2.37, 3.11, 6.05, 8.37,12.69,15.52,20.10,23.00,26.83
19.0, 2.64, 3.37, 6.41, 8.72,13.07,15.85,20.55,23.35,27.05
20.0, 2.92, 3.65, 6.77, 9.08,13.45,16.15,20.95,23.64,27.23
21.0, 3.19, 3.93, 7.13, 9.44,13.80,16.42,21.29,23.88,27.38
22.0, 3.46, 4.21, 7.49, 9.80,14.15,16.67,21.60,24.09,27.52
23.0, 3.72, 4.49, 7.85,10.17,14.49,16.91,21.88,24.29,27.66
24.0, 3.97, 4.78, 8.21,10.54,14.83,17.14,22.14,24.47,27.83
25.0, 4.21, 5.06, 8.57,10.91,15.17,17.37,22.38,24.66,28.02
26.0, 4.43, 5.34, 8.92,11.29,15.50,17.61,22.62,24.87,28.26
27.0, 4.64, 5.62, 9.27,11.68,15.85,17.86,22.87,25.10,28.55
28.0, 4.83, 5.91, 9.63,12.08,16.21,18.13,23.13,25.38,28.90
29.0, 5.00, 6.19, 9.99,12.50,16.58,18.44,23.42,25.71,29.33
30.0, 5.16, 6.48,10.35,12.93,16.97,18.77,23.73,26.09,29.84
31.0, 5.31, 6.77,10.72,13.38,17.38,19.15,24.09,26.55,30.45
32.0, 5.44, 7.07,11.10,13.85,17.83,19.57,24.50,27.08,31.14
33.0, 5.58, 7.39,11.50,14.36,18.30,20.04,24.96,27.70,31.94
34.0, 5.70, 7.72,11.92,14.89,18.82,20.57,25.48,28.40,32.84
35.0, 5.84, 8.08,12.36,15.45,19.38,21.17,26.07,29.20,33.84
36.0, 5.98, 8.46,12.84,16.06,19.98,21.83,26.73,30.09,34.96
37.0, 6.13, 8.87,13.34,16.71,20.64,22.56,27.47,31.09,36.17
38.0, 6.31, 9.32,13.89,17.40,21.36,23.37,28.28,32.18,37.50
39.0, 6.52, 9.81,14.48,18.15,22.13,24.26,29.19,33.38,38.92
40.0, 6.76,10.34,15.12,18.95,22.97,25.23,30.17,34.68,40.45
41.0, 7.05,10.93,15.82,19.80,23.88,26.28,31.25,36.08,42.07
42.0, 7.39,11.58,16.58,20.73,24.87,27.43,32.41,37.58,43.78
43.0, 7.78,12.29,17.40,21.71,25.93,28.65,33.66,39.17,45.57
44.0, 8.24,13.07,18.29,22.77,27.07,29.97,35.00,40.85,47.45
45.0, 8.77,13.93,19.26,23.90,28.28,31.37,36.42,42.61,49.39
46.0, 9.38,14.86,20.31,25.11,29.58,32.86,37.94,44.46,51.40
47.0,10.08,15.88,21.44,26.39,30.97,34.43,39.53,46.38,53.46
48.0,10.87,16.98,22.66,27.75,32.43,36.09,41.20,48.36,55.56
49.0,11.75,18.17,23.96,29.19,33.99,37.83,42.94,50.40,57.70
50.0,12.74,19.45,25.36,30.71,35.62,39.65,44.76,52.49,59.86
51.0,13.83,20.83,26.85,32.31,37.34,41.54,46.64,54.63,62.05
52.0,15.03,22.30,28.43,33.99,39.13,43.50,48.58,56.79,64.23
53.0,16.34,23.86,30.10,35.75,41.00,45.52,50.57,58.98,66.42
54.0,17.75,25.52,31.86,37.59,42.95,47.60,52.61,61.18,68.58
55.0,19.28,27.27,33.71,39.50,44.96,49.73,54.69,63.39,70.73
56.0,20.92,29.11,35.65,41.48,47.03,51.91,56.80,65.59,72.84
57.0,22.67,31.04,37.66,43.52,49.17,54.13,58.94,67.78,74.91
58.0,24.51,33.05,39.76,45.62,51.35,56.38,61.09,69.94,76.93
59.0,26.46,35.13,41.92,47.78,53.58,58.65,63.24,72.07,78.90
60.0,28.50,37.29,44.15,49.99,55.85,60.93,65.40,74.16,80.79
61.0,30.63,39.51,46.43,52.24,58.14,63.22,67.55,76.20,82.61
62.0,32.83,41.78,48.76,54.52,60.45,65.50,69.68,78.19,84.35
63.0,35.10,44.10,51.13,56.82,62.76,67.77,71.79,80.10,86.00
64.0,37.43,46.45,53.53,59.14,65.08,70.01,73.86,81.95,87.57
65.0,39.81,48.83,55.94,61.46,67.38,72.22,75.89,83.71,89.03
66.0,42.22,51.23,58.36,63.78,69.66,74.39,77.86,85.39,90.40
67.0,44.65,53.62,60.77,66.08,71.91,76.50,79.78,86.98,91.67
68.0,47.10,56.01,63.17,68.36,74.10,78.55,81.64,88.48,92.84
69.0,49.54,58.37,65.53,70.59,76.24,80.53,83.42,89.89,93.90
70.0,51.95,60.70,67.85,72.78,78.31,82.43,85.12,91.19,94.86
71.0,54.34,62.99,70.11,74.91,80.30,84.24,86.74,92.39,95.72
72.0,56.68,65.21,72.30,76.97,82.20,85.95,88.26,93.49,96.49
73.0,58.95,67.36,74.40,78.94,83.99,87.56,89.69,94.49,97.15
74.0,61.16,69.43,76.41,80.82,85.68,89.05,91.02,95.39,97.73
75.0,63.27,71.40,78.32,82.60,87.24,90.43,92.25,96.19,98.22
76.0,65.29,73.27,80.11,84.26,88.68,91.69,93.37,96.89,98.62
77.0,67.21,75.03,81.77,85.81,89.98,92.82,94.39,97.50,98.96
78.0,69.01,76.67,83.30,87.24,91.15,93.82,95.30,98.03,99.22
79.0,70.70,78.19,84.70,88.53,92.17,94.70,96.10,98.47,99.43
80.0,72.26,79.58,85.95,89.69,93.05,95.45,96.80,98.83,99.58
81.0,73.71,80.86,87.07,90.72,93.79,96.07,97.40,99.12,99.69
82.0,75.05,82.01,88.04,91.61,94.39,96.58,97.89,99.36,99.76
83.0,76.29,83.05,88.89,92.38,94.86,96.97,98.30,99.53,99.80
84.0,77.44,84.00,89.61,93.03,95.22,97.25,98.62,99.66,99.82
85.0,78.53,84.86,90.23,93.57,95.46,97.45,98.86,99.74,99.83
86.0,79.58,85.67,90.76,94.01,95.62,97.56,99.03,99.79,99.83
87.0,80.63,86.44,91.23,94.37,95.72,97.62,99.14,99.82,99.83
88.0,81.71,87.21,91.66,94.69,95.77,97.64,99.21,99.84,99.84
89.0,82.89,88.02,92.10,94.98,95.82,97.63,99.24,99.84,99.85
90.0,84.21,88.92,92.59,95.28,95.90,97.65,99.25,99.84,99.87
91.0,85.75,89.97,93.17,95.63,96.06,97.70,99.26,99.84,99.90
92.0,87.59,91.22,93.92,96.07,96.34,97.83,99.29,99.85,99.94
93.0,89.82,92.76,94.89,96.67,96.80,98.08,99.36,99.87,99.97
94.0,92.55,94.67,96.16,97.47,97.52,98.49,99.48,99.90,100.00
95.0,95.90,97.05,97.83,98.56,98.56,99.11,99.69,99.95,100.00
96.0,100.00,100.00,100.00,100.00,100.00,100.00,100.00,100.00,100.00


CUMULATIVE PERCENTAGES OF TOTAL PRECIPITATION FOR FOURTH-QUARTILE CASES
Time,Percent of occurrence
hours,90%,80%,70%,60%,50%,40%,30%,20%,10%
0,0,0,0,0,0,0,0,0,0
1.0, 0.13, 0.13, 0.13, 0.13, 0.31, 1.00, 1.77, 2.98, 4.41
2.0, 0.27, 0.32, 0.36, 0.41, 0.77, 2.03, 3.39, 5.60, 8.10
3.0, 0.40, 0.54, 0.66, 0.80, 1.35, 3.06, 4.88, 7.90,11.17
4.0, 0.54, 0.78, 1.02, 1.27, 2.02, 4.08, 6.26, 9.91,13.70
5.0, 0.67, 1.04, 1.42, 1.81, 2.75, 5.09, 7.54,11.67,15.79
6.0, 0.81, 1.31, 1.84, 2.37, 3.52, 6.08, 8.72,13.21,17.50
7.0, 0.94, 1.57, 2.28, 2.96, 4.32, 7.05, 9.82,14.56,18.89
8.0, 1.07, 1.83, 2.73, 3.56, 5.13, 7.98,10.85,15.75,20.02
9.0, 1.20, 2.08, 3.17, 4.15, 5.93, 8.88,11.81,16.79,20.94
10.0, 1.32, 2.31, 3.61, 4.74, 6.73, 9.74,12.72,17.71,21.69
11.0, 1.45, 2.54, 4.04, 5.30, 7.51,10.57,13.59,18.54,22.31
12.0, 1.57, 2.75, 4.45, 5.85, 8.27,11.36,14.41,19.28,22.84
13.0, 1.69, 2.95, 4.85, 6.38, 9.00,12.12,15.19,19.95,23.30
14.0, 1.81, 3.14, 5.24, 6.89, 9.71,12.84,15.94,20.56,23.71
15.0, 1.92, 3.33, 5.62, 7.38,10.39,13.54,16.67,21.13,24.10
16.0, 2.04, 3.50, 5.99, 7.85,11.04,14.20,17.37,21.67,24.47
17.0, 2.16, 3.68, 6.34, 8.30,11.67,14.84,18.05,22.17,24.84
18.0, 2.27, 3.85, 6.69, 8.74,12.28,15.45,18.72,22.66,25.23
19.0, 2.39, 4.03, 7.04, 9.18,12.86,16.05,19.37,23.14,25.63
20.0, 2.51, 4.22, 7.38, 9.60,13.43,16.63,20.00,23.61,26.06
21.0, 2.63, 4.41, 7.72,10.03,13.98,17.19,20.62,24.07,26.52
22.0, 2.76, 4.61, 8.07,10.46,14.51,17.74,21.24,24.54,27.01
23.0, 2.88, 4.83, 8.42,10.90,15.04,18.28,21.84,25.01,27.52
24.0, 3.02, 5.06, 8.78,11.35,15.57,18.82,22.43,25.48,28.07
25.0, 3.15, 5.31, 9.15,11.81,16.09,19.35,23.02,25.96,28.64
26.0, 3.30, 5.58, 9.53,12.28,16.60,19.87,23.60,26.45,29.24
27.0, 3.45, 5.87, 9.92,12.78,17.12,20.40,24.17,26.95,29.86
28.0, 3.60, 6.19,10.33,13.29,17.65,20.93,24.73,27.46,30.51
29.0, 3.76, 6.53,10.76,13.83,18.18,21.46,25.29,27.97,31.16
30.0, 3.94, 6.89,11.21,14.39,18.72,21.99,25.84,28.49,31.84
31.0, 4.11, 7.27,11.67,14.97,19.26,22.53,26.38,29.02,32.52
32.0, 4.30, 7.68,12.16,15.58,19.82,23.07,26.91,29.56,33.20
33.0, 4.50, 8.11,12.66,16.21,20.39,23.62,27.44,30.11,33.89
34.0, 4.71, 8.57,13.18,16.86,20.96,24.17,27.96,30.67,34.59
35.0, 4.92, 9.05,13.72,17.53,21.55,24.73,28.48,31.23,35.27
36.0, 5.15, 9.54,14.28,18.22,22.15,25.29,28.99,31.80,35.96
37.0, 5.39,10.06,14.85,18.93,22.75,25.86,29.49,32.37,36.64
38.0, 5.64,10.59,15.44,19.65,23.36,26.44,29.99,32.95,37.31
39.0, 5.90,11.13,16.04,20.38,23.98,27.02,30.49,33.54,37.98
40.0, 6.17,11.69,16.65,21.12,24.61,27.60,30.98,34.13,38.64
41.0, 6.45,12.26,17.27,21.86,25.24,28.19,31.47,34.73,39.29
42.0, 6.74,12.84,17.91,22.61,25.87,28.78,31.96,35.33,39.94
43.0, 7.05,13.42,18.54,23.36,26.50,29.38,32.46,35.95,40.58
44.0, 7.37,14.01,19.19,24.10,27.14,29.97,32.95,36.57,41.23
45.0, 7.70,14.59,19.83,24.84,27.77,30.57,33.45,37.20,41.87
46.0, 8.04,15.18,20.48,25.57,28.40,31.18,33.96,37.84,42.51
47.0, 8.40,15.77,21.13,26.28,29.03,31.78,34.47,38.50,43.16
48.0, 8.77,16.35,21.77,26.98,29.66,32.39,35.00,39.17,43.82
49.0, 9.15,16.92,22.42,27.67,30.28,33.00,35.54,39.86,44.50
50.0, 9.55,17.49,23.06,28.34,30.90,33.62,36.10,40.56,45.19
51.0, 9.96,18.05,23.70,29.00,31.51,34.25,36.68,41.28,45.90
52.0,10.38,18.61,24.34,29.63,32.13,34.88,37.28,42.03,46.64
53.0,10.82,19.15,24.97,30.25,32.74,35.52,37.91,42.80,47.41
54.0,11.28,19.69,25.60,30.86,33.35,36.17,38.57,43.60,48.21
55.0,11.75,20.22,26.23,31.45,33.96,36.84,39.26,44.43,49.05
56.0,12.24,20.75,26.86,32.03,34.58,37.53,39.99,45.29,49.93
57.0,12.75,21.27,27.49,32.60,35.21,38.23,40.75,46.19,50.86
58.0,13.28,21.79,28.13,33.16,35.85,38.96,41.57,47.12,51.84
59.0,13.83,22.32,28.78,33.73,36.51,39.72,42.42,48.10,52.87
60.0,14.40,22.85,29.44,34.30,37.19,40.51,43.34,49.12,53.95
61.0,15.00,23.39,30.11,34.88,37.90,41.34,44.30,50.18,55.09
62.0,15.63,23.94,30.81,35.49,38.64,42.21,45.32,51.29,56.29
63.0,16.28,24.52,31.53,36.12,39.42,43.13,46.41,52.45,57.55
64.0,16.97,25.12,32.29,36.78,40.25,44.10,47.55,53.66,58.86
65.0,17.69,25.75,33.08,37.49,41.13,45.12,48.76,54.92,60.24
66.0,18.45,26.43,33.91,38.25,42.07,46.21,50.05,56.24,61.68
67.0,19.25,27.15,34.80,39.07,43.08,47.36,51.40,57.61,63.17
68.0,20.10,27.92,35.74,39.96,44.16,48.59,52.82,59.03,64.72
69.0,21.01,28.76,36.75,40.94,45.33,49.89,54.32,60.51,66.32
70.0,21.96,29.66,37.83,42.01,46.59,51.27,55.89,62.04,67.96
71.0,22.98,30.65,38.99,43.18,47.94,52.74,57.53,63.63,69.65
72.0,24.07,31.73,40.24,44.46,49.40,54.30,59.25,65.27,71.38
73.0,25.24,32.91,41.58,45.85,50.97,55.95,61.03,66.95,73.13
74.0,26.49,34.19,43.03,47.38,52.65,57.69,62.89,68.68,74.90
75.0,27.82,35.59,44.58,49.04,54.45,59.53,64.81,70.45,76.69
76.0,29.26,37.12,46.24,50.85,56.37,61.47,66.79,72.26,78.49
77.0,30.81,38.78,48.03,52.80,58.41,63.50,68.83,74.10,80.28
78.0,32.47,40.59,49.94,54.89,60.57,65.61,70.92,75.96,82.06
79.0,34.26,42.54,51.98,57.14,62.85,67.82,73.05,77.85,83.81
80.0,36.20,44.66,54.15,59.53,65.25,70.10,75.21,79.74,85.53
81.0,38.29,46.94,56.45,62.07,67.75,72.45,77.40,81.63,87.20
82.0,40.55,49.39,58.88,64.74,70.35,74.86,79.59,83.51,88.81
83.0,42.99,52.01,61.44,67.53,73.02,77.32,81.78,85.37,90.35
84.0,45.62,54.81,64.12,70.43,75.77,79.80,83.95,87.19,91.82
85.0,48.48,57.79,66.92,73.41,78.55,82.29,86.09,88.97,93.19
86.0,51.56,60.94,69.82,76.46,81.35,84.76,88.17,90.68,94.46
87.0,54.90,64.27,72.82,79.54,84.13,87.19,90.17,92.32,95.61
88.0,58.50,67.76,75.90,82.61,86.85,89.54,92.07,93.85,96.65
89.0,62.40,71.41,79.03,85.63,89.48,91.77,93.85,95.27,97.56
90.0,66.62,75.21,82.20,88.55,91.96,93.85,95.47,96.55,98.33
91.0,71.17,79.14,85.38,91.31,94.24,95.73,96.90,97.67,98.96
92.0,76.10,83.19,88.53,93.84,96.25,97.36,98.12,98.61,99.45
93.0,81.41,87.32,91.61,96.07,97.92,98.66,99.08,99.34,99.79
94.0,87.14,91.53,94.58,97.91,99.16,99.59,99.74,99.83,100.00
95.0,93.33,95.76,97.40,99.25,99.89,100.00,100.00,100.00,100.00
96.0,100.00,100.00,100.00,100.00,100.00,100.00,100.00,100.00,100.00


CUMULATIVE PERCENTAGES OF TOTAL PRECIPITATION FOR ALL CASES
Time,Percent of occurrence
hours,90%,80%,70%,60%,50%,40%,30%,20%,10%
0,0,0,0,0,0,0,0,0,0
1.0, 0.15, 0.25, 0.40, 0.52, 1.03, 1.72, 2.82, 3.36, 3.36
2.0, 0.30, 0.50, 0.82, 1.13, 2.07, 3.33, 5.29, 6.32, 6.77
3.0, 0.44, 0.76, 1.25, 1.81, 3.12, 4.85, 7.47, 8.94,10.21
4.0, 0.58, 1.03, 1.71, 2.53, 4.16, 6.28, 9.40,11.28,13.66
5.0, 0.72, 1.31, 2.18, 3.30, 5.19, 7.64,11.12,13.41,17.11
6.0, 0.85, 1.60, 2.67, 4.09, 6.21, 8.93,12.67,15.37,20.54
7.0, 0.98, 1.90, 3.17, 4.90, 7.23,10.16,14.09,17.20,23.94
8.0, 1.11, 2.21, 3.69, 5.72, 8.23,11.34,15.39,18.93,27.30
9.0, 1.24, 2.54, 4.23, 6.55, 9.22,12.47,16.60,20.60,30.62
10.0, 1.38, 2.87, 4.78, 7.37,10.20,13.56,17.75,22.23,33.87
11.0, 1.51, 3.23, 5.35, 8.20,11.16,14.62,18.86,23.84,37.05
12.0, 1.65, 3.59, 5.93, 9.01,12.11,15.65,19.94,25.45,40.16
13.0, 1.80, 3.97, 6.52, 9.81,13.05,16.66,21.01,27.08,43.19
14.0, 1.95, 4.36, 7.12,10.61,13.98,17.66,22.09,28.73,46.14
15.0, 2.11, 4.77, 7.74,11.39,14.90,18.65,23.17,30.40,48.99
16.0, 2.28, 5.19, 8.37,12.16,15.81,19.63,24.27,32.12,51.75
17.0, 2.47, 5.63, 9.00,12.92,16.71,20.61,25.40,33.87,54.42
18.0, 2.66, 6.08, 9.65,13.67,17.61,21.59,26.56,35.66,56.99
19.0, 2.86, 6.54,10.30,14.41,18.51,22.58,27.76,37.49,59.46
20.0, 3.08, 7.02,10.97,15.14,19.40,23.58,28.99,39.35,61.83
21.0, 3.32, 7.51,11.64,15.87,20.29,24.59,30.26,41.25,64.09
22.0, 3.57, 8.02,12.31,16.60,21.19,25.62,31.57,43.17,66.26
23.0, 3.84, 8.54,13.00,17.33,22.09,26.66,32.92,45.11,68.33
24.0, 4.12, 9.08,13.69,18.06,23.00,27.72,34.31,47.06,70.30
25.0, 4.42, 9.63,14.38,18.79,23.92,28.80,35.73,49.02,72.17
26.0, 4.74,10.19,15.09,19.53,24.84,29.90,37.18,50.98,73.94
27.0, 5.09,10.77,15.80,20.28,25.78,31.03,38.67,52.94,75.62
28.0, 5.45,11.36,16.52,21.05,26.72,32.17,40.18,54.88,77.21
29.0, 5.83,11.96,17.24,21.82,27.69,33.34,41.71,56.81,78.71
30.0, 6.23,12.58,17.98,22.62,28.66,34.53,43.27,58.70,80.13
31.0, 6.65,13.21,18.72,23.43,29.66,35.75,44.84,60.56,81.46
32.0, 7.09,13.85,19.47,24.26,30.67,36.99,46.42,62.38,82.71
33.0, 7.56,14.51,20.23,25.11,31.70,38.24,48.01,64.16,83.88
34.0, 8.04,15.18,21.00,25.99,32.75,39.52,49.60,65.88,84.97
35.0, 8.55,15.86,21.78,26.89,33.82,40.82,51.19,67.55,86.00
36.0, 9.08,16.56,22.57,27.82,34.90,42.13,52.77,69.17,86.96
37.0, 9.62,17.27,23.37,28.77,36.01,43.47,54.35,70.71,87.85
38.0,10.19,17.99,24.19,29.75,37.14,44.81,55.91,72.20,88.69
39.0,10.78,18.73,25.02,30.75,38.29,46.17,57.46,73.61,89.46
40.0,11.39,19.48,25.87,31.78,39.46,47.54,58.99,74.96,90.18
41.0,12.02,20.24,26.74,32.84,40.64,48.92,60.50,76.24,90.85
42.0,12.67,21.02,27.62,33.93,41.85,50.31,61.98,77.44,91.47
43.0,13.34,21.82,28.52,35.05,43.07,51.70,63.44,78.58,92.05
44.0,14.03,22.63,29.44,36.19,44.32,53.10,64.87,79.65,92.58
45.0,14.74,23.46,30.39,37.35,45.58,54.50,66.26,80.65,93.08
46.0,15.46,24.30,31.35,38.54,46.85,55.89,67.63,81.58,93.54
47.0,16.21,25.17,32.34,39.76,48.14,57.29,68.96,82.46,93.96
48.0,16.97,26.05,33.35,41.00,49.45,58.68,70.26,83.27,94.36
49.0,17.76,26.95,34.39,42.26,50.76,60.06,71.52,84.02,94.72
50.0,18.56,27.88,35.45,43.54,52.09,61.43,72.74,84.73,95.06
51.0,19.38,28.82,36.55,44.83,53.43,62.79,73.93,85.38,95.38
52.0,20.22,29.79,37.66,46.15,54.78,64.14,75.08,85.99,95.68
53.0,21.08,30.78,38.81,47.48,56.13,65.47,76.19,86.55,95.95
54.0,21.96,31.79,39.98,48.83,57.49,66.79,77.27,87.08,96.21
55.0,22.86,32.83,41.19,50.19,58.85,68.09,78.31,87.58,96.46
56.0,23.78,33.90,42.42,51.56,60.22,69.37,79.32,88.05,96.68
57.0,24.72,34.99,43.68,52.94,61.58,70.63,80.29,88.49,96.90
58.0,25.68,36.12,44.98,54.33,62.95,71.87,81.24,88.92,97.10
59.0,26.67,37.27,46.30,55.73,64.31,73.09,82.15,89.33,97.30
60.0,27.68,38.46,47.65,57.13,65.67,74.28,83.02,89.73,97.48
61.0,28.71,39.68,49.03,58.54,67.02,75.45,83.87,90.12,97.65
62.0,29.77,40.93,50.44,59.95,68.37,76.59,84.69,90.51,97.82
63.0,30.86,42.22,51.88,61.36,69.70,77.71,85.49,90.90,97.98
64.0,31.98,43.54,53.34,62.77,71.03,78.80,86.26,91.29,98.13
65.0,33.13,44.90,54.83,64.19,72.34,79.86,87.00,91.68,98.28
66.0,34.31,46.29,56.34,65.60,73.65,80.90,87.72,92.07,98.42
67.0,35.53,47.73,57.88,67.01,74.93,81.91,88.42,92.47,98.55
68.0,36.78,49.20,59.43,68.41,76.21,82.90,89.10,92.88,98.68
69.0,38.08,50.71,61.01,69.81,77.46,83.86,89.76,93.30,98.80
70.0,39.42,52.27,62.61,71.21,78.70,84.79,90.40,93.72,98.92
71.0,40.80,53.86,64.22,72.60,79.92,85.70,91.02,94.14,99.03
72.0,42.23,55.49,65.84,73.98,81.11,86.59,91.62,94.57,99.14
73.0,43.71,57.16,67.47,75.36,82.29,87.45,92.20,95.01,99.24
74.0,45.25,58.86,69.11,76.73,83.44,88.28,92.77,95.44,99.33
75.0,46.84,60.61,70.76,78.09,84.57,89.10,93.32,95.87,99.42
76.0,48.49,62.39,72.41,79.44,85.68,89.89,93.86,96.30,99.50
77.0,50.21,64.21,74.06,80.78,86.75,90.66,94.37,96.72,99.57
78.0,51.99,66.06,75.70,82.11,87.80,91.41,94.87,97.12,99.64
79.0,53.85,67.94,77.33,83.42,88.82,92.13,95.35,97.51,99.70
80.0,55.78,69.85,78.95,84.72,89.82,92.84,95.81,97.88,99.75
81.0,57.79,71.79,80.56,86.00,90.78,93.52,96.26,98.22,99.80
82.0,59.88,73.74,82.14,87.26,91.71,94.18,96.68,98.54,99.84
83.0,62.06,75.72,83.70,88.50,92.60,94.82,97.08,98.83,99.87
84.0,64.33,77.71,85.24,89.71,93.46,95.44,97.46,99.09,99.90
85.0,66.70,79.71,86.74,90.89,94.28,96.03,97.81,99.30,99.92
86.0,69.16,81.71,88.21,92.04,95.06,96.59,98.14,99.49,99.93
87.0,71.73,83.70,89.63,93.15,95.80,97.13,98.45,99.63,99.94
88.0,74.40,85.68,91.02,94.22,96.49,97.63,98.72,99.74,99.95
89.0,77.18,87.65,92.35,95.23,97.14,98.10,98.98,99.82,99.95
90.0,80.07,89.58,93.63,96.18,97.74,98.54,99.20,99.87,99.95
91.0,83.08,91.48,94.85,97.06,98.28,98.93,99.40,99.89,99.95
92.0,86.22,93.33,96.02,97.86,98.76,99.27,99.57,99.89,99.95
93.0,89.47,95.12,97.12,98.57,99.18,99.55,99.71,99.89,99.95
94.0,92.85,96.84,98.15,99.17,99.53,99.77,99.83,99.90,99.96
95.0,96.36,98.47,99.11,99.65,99.80,99.93,99.93,99.93,99.98
96.0,100.00,100.00,100.00,100.00,100.00,100.00,100.00,100.00,100.00


